9 4
5 6
9 4
2 5
1 5
2 3
0 8
6 3
0 2
1 2
9 6
7 1
6 1
0 3
2 3
7 4
4 5
6 5
8 0
3 7
9 5
9 0
2 9
1 4
8 5
4 6
4 9
1 2
8 1
2 7
6 5
4 7
9 4
9 6
9 6
3 6
3 5
2 0
9 1
7 8
2 7
9 6
3 1
5 2
6 3
4 9
1 4
0 9
4 0
7 2
1 5
5 4
1 2
7 0
7 1
2 6
0 3
0 5
1 3
4 3
7 1
6 8
9 1
8 2
4 6
5 6
5 6
5 2
6 7
7 6
7 6
5 4
4 9
0 6
0 4
7 4
7 0
4 0
5 8
4 0
8 0
4 2
4 5
9 3
8 7
2 3
1 2
8 9
2 9
1 5
8 7
2 5
5 8
0 6
1 2
9 3
0 4
4 6
2 4
4 0
4 5
50 81
04 93
77 83
98 88
36 05
98 12
22 65
78 36
45 64
96 97
77 70
99 47
26 58
62 89
10 36
43 03
24 84
53 22
34 31
59 09
63 98
38 59
43 99
75 13
81 07
15 71
99 05
29 78
82 07
32 38
96 44
90 61
79 86
74 50
34 12
47 82
64 89
69 93
70 54
00 55
36 61
35 56
00 83
61 13
91 58
27 88
60 76
10 26
49 56
48 11
55 97
38 61
70 71
63 53
25 78
00 07
33 86
31 55
76 35
22 87
15 37
90 36
62 84
97 26
98 62
38 09
89 76
15 90
53 27
75 54
54 85
33 78
21 87
38 45
82 85
39 80
91 07
04 26
33 43
70 57
34 17
18 65
05 53
35 07
52 86
74 66
37 10
91 51
38 55
84 89
71 51
52 72
19 74
80 33
08 91
10 84
84 13
72 03
08 59
16 91
63 27
694 987
624 977
112 273
702 104
805 308
837 542
807 686
762 607
429 773
022 473
658 199
616 750
997 120
981 774
896 035
704 698
833 987
293 909
146 614
304 194
704 519
275 816
296 358
652 919
535 495
324 161
606 773
008 199
916 345
810 876
683 560
713 698
685 189
910 459
161 198
117 738
757 478
798 240
576 290
687 747
187 763
819 619
080 034
055 330
285 245
803 419
461 807
531 054
256 669
110 354
124 381
927 644
641 529
472 865
744 642
201 787
085 391
448 521
798 051
108 656
028 913
488 048
092 110
909 548
698 958
742 869
618 631
720 029
845 585
609 266
731 180
626 302
878 465
190 438
436 059
822 830
414 596
953 007
075 988
012 429
585 772
305 545
780 089
730 595
598 197
167 498
685 436
001 342
811 577
014 579
633 730
843 629
457 259
418 612
355 454
965 430
667 268
528 444
919 255
913 540
746 164
1001 2482
8833 2489
3026 7433
9827 7169
2900 0655
0040 1702
5028 5686
1613 9235
1436 8514
7721 0949
1603 3180
4057 6905
2033 1511
0778 6552
1457 3646
7953 1245
6980 6024
6833 6698
7678 3108
4941 1803
8535 0750
9917 9318
8870 5140
0878 7767
0134 5943
5760 3403
1023 4321
4545 0663
1113 7798
0473 9501
0826 5882
3558 0767
3090 2403
9390 4818
0851 2750
2913 0597
8545 8233
5459 4580
1690 1278
4057 6296
5851 6927
2145 4334
0860 5254
4100 7665
9101 7237
1656 9693
7414 9472
0412 4946
1647 4123
6942 4994
7229 7437
5965 3730
9242 5697
4479 2995
3747 3189
9602 2951
8640 5138
8488 0654
4220 9441
4759 7118
6785 9804
8374 2171
0680 2976
3702 3591
7299 9981
5043 3583
2275 6227
3724 1910
1188 9179
2869 7008
2035 9216
6282 7416
7658 4666
9927 2764
5294 7741
9815 5539
8242 5344
8446 0983
2910 8103
2800 6136
9237 9715
9004 0774
0246 9837
7806 7022
7464 4860
1086 8607
8355 2976
0403 1777
7697 6438
3998 9471
3637 4544
8534 2396
1023 3406
5330 3736
1834 4224
6279 9566
7583 6165
7851 8941
5473 9092
7580 2682
2996 7315
40918 59637
01660 57333
09981 05335
93420 48625
21643 96349
94681 21339
56190 91502
26011 84668
67371 19938
19512 19250
35821 83435
21808 43848
58547 22182
14503 29162
39194 04148
16024 69068
77411 39092
28951 48755
79239 94737
91067 43134
03263 44367
39099 24153
22170 93997
42203 58668
63642 69198
21724 34011
18444 69821
89073 65400
81992 39507
82479 29462
69158 01142
00232 69241
87088 06364
51521 84635
73871 48654
44940 20679
58005 22304
95533 61997
99844 98066
18273 39785
95401 70714
25777 66069
76117 25633
75139 52885
99823 88390
85442 36039
38139 00857
15806 77762
22922 01130
17075 27759
18631 26733
48419 47195
49151 60121
55916 87313
15421 14495
52734 31026
16406 83087
79937 06634
78956 49621
04747 92788
39449 31674
53988 77460
75727 26518
75916 79042
88671 34320
02047 49565
63158 93051
87945 10732
94815 85425
78898 34288
58466 58845
79496 62493
15357 13856
17701 01832
57759 57918
44856 24282
51826 93672
26009 33833
07939 43607
72839 46881
14842 66551
51724 54660
79836 26745
11020 38796
35101 01630
55530 66471
66148 65474
47959 12194
87341 46130
08313 30657
72860 92541
41584 83549
85138 94438
82570 85126
20757 22707
99700 69060
11075 22860
85234 58402
24283 50688
73635 45585
20483 64776
164951 567853
489544 847899
377628 811884
390952 252960
402952 042138
130779 682643
638389 035750
150088 862275
423625 493035
323998 839309
318558 000680
785919 340669
887569 339734
374080 796320
682795 226397
272741 949624
474123 814029
086897 692187
830816 881989
688997 328534
975498 242119
014988 483843
924028 571307
367015 706890
450285 600993
678959 802326
631814 672361
096493 070204
963163 300016
425080 877110
049407 310943
982784 261962
366896 463341
592385 903982
425450 296367
130238 746325
078739 770070
718542 050899
775211 908267
147456 862136
621495 036003
094505 862852
717112 602444
152779 073517
014985 773831
267265 459412
388033 358471
061090 089550
358377 377766
873943 734103
367938 043135
895959 627302
025066 599011
684424 083435
361293 495876
600702 730140
142234 230504
926495 760870
906451 806161
407637 339108
361497 356639
313153 182485
199035 777556
928968 005993
996199 674577
998369 241421
639532 471649
271891 110829
062293 804398
678103 566098
449392 553069
307424 788168
479864 727431
002757 744312
087374 375045
375416 063741
225371 287312
749258 813552
377460 075429
780763 209084
914984 884913
395259 948056
206012 233473
398218 653302
682542 613064
972189 385918
281334 427651
404568 032412
980230 719543
838912 066629
573474 694691
037744 090820
956270 117124
801081 537855
722285 849478
737521 804157
960004 831741
206562 694282
199443 153009
810621 472330
449616 582224
3027424 6489360
1284177 3996028
7197893 5600476
0381601 5737443
7059177 5503014
9587469 0918731
9257486 5738146
8674710 0315220
5347876 8557744
3703874 7682823
8955481 4553238
3662331 9460719
0970551 0565154
7215577 8710534
6245515 5100481
2644012 1938502
3512074 2242974
4313424 7208896
3248508 6691877
4382350 7884857
4669272 8693734
7058808 5352515
5809314 1108560
5819648 7206498
8795034 5658369
5000440 2478727
0118981 9590799
6156466 2394318
9937989 8481700
4643483 0766869
0389367 8339213
8113675 0481800
2730648 4955353
9200379 5560605
0432032 3870166
8874272 5434121
2701512 4980242
5100031 7731879
5270379 7980717
3501822 2790844
3821111 8956423
1625888 2584609
2655595 6121623
4524279 6500593
3781026 3515702
3037465 7628523
3031214 2200102
2176556 4506367
9737017 6200111
1426127 1722903
6944249 9709785
5021769 9255318
8722495 7621163
2727995 5726054
5825675 2075939
9816567 3417035
1488355 5418656
0644433 7216343
5006307 6461027
6288500 6934572
3809855 4859046
7801224 1921455
9793497 0274352
0894940 8283496
0896515 9881522
0814325 4297153
7061241 2490357
5736423 5016135
5247257 4592911
5248608 5674742
7237049 8013271
5467853 0469441
0490442 7726095
7241002 3869244
4087495 4504147
9501149 0381802
4116615 7369049
0351159 6577320
6513134 2611296
4642285 7441691
7090112 0588042
9900571 0324470
7005951 1509651
4149601 3746977
8452593 8440984
2355057 1151610
0082719 7772009
2540555 7279327
4768074 4110723
2434718 0636237
0149946 4931997
7468247 0897224
0793553 6074813
6300507 5198727
6890843 8077076
2482039 6518223
6596073 2276261
1406920 3725752
3514553 6687587
0676008 7959993
7431006 4872285
00519001 39787748
08740819 41065025
19528103 89810472
97568223 91747906
97918429 74373821
75273998 46357693
65838502 78250187
20940132 35501546
65486168 39857867
72283243 23157422
98216538 30441315
10945382 62285769
34873115 70138049
86145143 68040317
90860637 58970278
84839025 31228756
68079498 55097528
66209278 16598694
24790914 46446191
58413450 06451190
37645980 10687621
13390782 63375019
85607706 04589709
61383517 11772752
85345149 12624847
01400976 70013129
13793086 90952906
89262164 60528703
67081075 88223216
98001465 89209041
88582689 51534860
85637618 59217326
10810244 35639959
41990320 54210625
14659045 57253394
02925620 91178195
78527242 54271869
08138915 03061504
40162197 12366643
77102536 78057401
84640964 25479563
70669123 84115107
27068340 91562723
23727422 67705223
50998400 22005854
14308778 79196324
13797939 87804247
26332356 53408418
43710635 23005403
80021448 31894126
95949013 23781278
31705443 85247196
38882372 72901886
77035833 85520055
01046169 05033424
34932031 60175890
51835020 05907604
37046685 85677995
36480539 84107313
95404871 24463230
18342848 82869071
46533497 43020050
88955646 48401741
49083756 32497185
70591179 56718787
70690171 18368101
26330190 64947207
49893719 63245008
25701296 33443470
64830275 05418958
69725934 90134273
95501843 63248918
42321456 88460827
51444536 83263529
49635294 63295436
16940008 56364746
94865457 40668222
75103478 66474357
70792361 42603083
03581804 77242433
87852634 16386663
91307003 77721056
62439174 95977959
10525117 55695060
57436408 31979076
22457329 02530706
90719426 94589285
64168184 34893842
30767528 10855607
77891156 90344979
06448878 02070358
19387086 81669134
92645511 11512200
22324515 04091240
62559920 58293001
18331768 97383865
28063110 29660135
64869102 91457835
66750745 08570462
18202077 01605592
09390579 56992909
932979826 038137899
570531622 870153722
328376585 772946193
508360316 281754689
824498561 882580784
286710871 007685731
022068915 535574183
834622627 475764022
956948657 800851027
622293195 686838659
574025626 393159096
320602623 899525770
791037219 802749541
996688187 898468343
105967846 961727323
326817684 597973554
693810187 403304578
296510185 124481460
265301740 013531479
156919132 886110013
447966092 492021043
932635819 209460242
084046970 765810129
025360386 225816516
729817525 662809946
510320524 720841068
196424550 614414914
460257026 419633230
805757337 961821285
253358872 848049867
032349559 355510103
264841217 116416624
576858116 326342751
534063768 622742834
623424315 808549385
621637890 298282976
638185690 133103299
372055651 680383406
383974968 129320991
324861122 944175872
172252014 713875240
193397690 208809968
422217413 653694200
048149074 101157744
101114167 219818595
126002948 442475076
382324711 391696671
853698541 696234203
876947543 595839084
637589776 660328637
952554054 141207922
164875025 227697973
725493423 252694454
680042332 833615492
559816305 150539085
778388441 098489692
748835233 218578129
717184200 885577113
316194247 467599968
272136003 049319404
445612358 088751933
293731785 991113662
223479436 799039014
765804211 064277474
696086319 384263279
416580150 825845413
472092554 223828137
002840173 438654642
152599096 866734241
844169048 881512391
312179050 684764476
631157999 112325831
808916734 954625523
488917499 129099482
391154752 781707121
939095838 343251680
774810863 457693449
773639471 571186135
476587750 112161430
532192069 703817612
528843586 607997079
509633684 127516221
079533171 843950658
310322452 703026429
265715010 216907626
925194280 824609861
543322994 134957888
612466271 928072772
591455346 056463473
846599527 666596752
330262551 518395031
073273799 581275556
682645456 460800698
741550710 440480503
424344100 069816154
088760700 807767297
684277619 547396997
574554245 478924297
722670474 191133055
029636566 819246052
862056308 554893462
1836015795 9562198995
7725388061 7771777767
6396711624 4803020740
2324704625 0772543027
5739934048 0539031133
3823245819 4368650696
0840700122 2285394297
6674218880 2714561726
1596931218 3092580019
7858335129 3511831328
0022012700 2722349253
0043665269 3294307712
6221537442 3677747535
7414197524 2738697340
4615287639 2752961773
3208050462 6242805213
4763472620 5962169600
6728863882 8075369097
4544670597 2056172615
9320961715 0155786368
4359284824 5358758495
9310912888 4798157002
1236751398 5224871918
7985642438 2935786731
9424401972 8928852035
5195258024 5895729238
2451000348 5779443975
6007214395 1949877323
7697270410 3845940542
5712499749 8911364356
6680198107 0798499669
7388587176 6759281936
3724432308 2136055551
5832961154 6045985132
8816762110 9143173227
9404866750 9188016665
7565048608 0695455971
5542601642 7162227607
3148092142 1544295285
2897976489 9971318050
7649558961 9649491255
8222089475 3660103671
3486543309 2375978782
4021460924 0975838958
0167757012 3274886863
3533934739 8281522493
7737355354 7836429092
7500890828 4925512942
3361317412 9525225562
4315589981 8514792958
9782274536 6618911418
5805297749 0890296242
2079878819 5894664643
8568616292 8187853947
8138570729 6108360804
4921616539 4577539982
1674882985 2798393358
7944554449 8720667605
8863887822 1944433072
9246151367 8652423357
9783588304 5627011838
0353034072 1368473730
8909952699 8006851803
4381845427 8616176031
5436459748 4707949290
1592824296 8886714402
6475090683 5717131892
3094509641 7308252673
1539259744 1199061574
2462101952 3976399684
9895888353 9586542550
7645106093 9217295125
0252512813 8772569770
1702578932 6286035968
1263934952 0191837495
0389586538 7546641374
5860657773 9204036765
6396973335 8247750941
5980016612 5961667300
9764262965 4520331408
9628906931 7732904896
4279083052 2963149726
0428028152 1062622167
5256603002 1644356075
0213848492 1358759608
0401058485 0219815842
8231925759 4020052164
3894907572 6068967085
7649954691 0027192598
9643232794 2523476214
4390933775 3800986454
4711385951 5173711925
9297780233 0168155243
7601900485 3790914152
6580199408 1395545692
0588351905 7486576344
4682376281 1979459950
8571322695 9920321266
3701999716 0888297988
7229778450 3125512551
7655856816 7795128894
65339737931 49291539677
09114752640 16182121270
06521716245 88495058528
05661822222 67531221688
16079505116 42914871641
56043413096 20099313478
79181114105 33034649873
44504172072 80894770346
01190558955 59274281678
02789778942 17110782750
70104577337 71789419496
74901587527 16728587491
17800391739 62409429973
17107161316 19503974392
05644271084 80744657465
56033139453 00047142813
72465172635 01702858766
80469658610 06043715436
88460257961 50057368496
85215551242 23704526582
61364852626 39557136314
93658770319 31042156321
81222648241 73316893497
64832196942 25852495445
40974983275 71740922497
27491925945 06212233981
20252971815 92316701212
43829159267 03348277866
93684559015 92718773437
96993511711 53149507339
24316792471 78629272103
64904644530 56198125765
03980744169 41796566803
76362029244 18164437826
08889071790 09739512680
88716347981 87088479783
93582871838 69490367672
04631823003 90370614331
77681059498 92540711596
83758803150 59860274611
49427477378 53785332036
18206420444 50093753296
44510526771 50550002907
86396043692 95027191670
42253220767 18923224569
94719004697 51970616388
22394382268 81345543859
00232377998 11373777691
14400129909 32661249378
66754449844 74173110450
44864206607 72916289397
96577247886 50739654315
04264340048 65911497032
33773074597 65742640328
12614831813 12541965725
28318167092 63411521181
14775821684 91291641745
30246439033 42617100264
82110800812 38882385665
75915666800 22006238792
61048271994 47821733020
93794685404 48261728422
31079213994 36696301008
32732049990 55750804268
96459171527 84298082528
81254046996 04021104845
91993349696 55830258825
05978900404 70694459681
20917461532 00893407624
40379672155 81060052826
82022205788 25744366423
03627767614 71559341028
88140428967 63755367577
79834368643 68029579580
92850519920 38480563097
63278566741 90097410482
49743863254 62367664071
35869624374 91461946549
47835443111 85243755735
78804510326 78519186480
24574921826 26963308310
59956621028 07010666910
82642385350 35330695966
30952735028 89734376292
92100986898 14179304183
81067370554 68698831195
14022948376 61870937685
93724106127 25505029737
66559824062 25539658953
76304371064 18138559397
06047315579 97713256401
33697628161 12200091087
99335127884 05961117014
20185109502 96252122558
43807408986 75314219170
93024316059 32519501889
71541646582 33594828459
27335169781 42771750201
90605276653 57198935252
38663129779 37771909407
34938119456 02694835203
505371581677 681689156190
139094881578 030705559392
065839220432 567076735308
514787104373 445671339443
008374189547 537834887074
983983043089 459961648253
808479176645 107624637243
804771128118 082001727262
602229647627 214543081055
980934231273 655755879610
760110284128 858354055017
993971245414 782050311585
771980545171 232192672187
142164690474 528969784574
399310324002 468706910522
879153803116 339757074361
352901882132 577825073060
624449683992 581384506280
997123416578 311590322892
470997061642 025674698268
260338530153 817122244824
000378292904 587846064543
037509523415 463060478804
585009839264 181688610999
685062328866 000852467465
808111644644 973549008855
366512026367 829934072617
231464839401 686901870824
662396879775 816758260286
382026051529 498389627078
439495384605 807726329909
384807223007 257314927196
629105286721 037363254007
826363854591 264161290704
831653603976 095624032804
796046458525 887969991680
874714753416 694964652265
517625738799 173686684400
157426194684 275391048111
600850340472 835337193254
610993622878 230301280605
227609402921 592414876972
849662383163 580166441181
722137434514 383824508289
693899474009 762520293711
588032378331 394950116752
037123402528 311439533450
821513752559 457868432963
277844168676 568653134675
802632780006 312688460651
467557775747 103956924198
107538467482 073522207408
320108279478 494696688546
457570039196 363387229127
477455133502 539518957179
062963122975 788005371578
137462523208 143459752057
881239897525 665649975023
025024249760 159166919950
113568660538 180724054305
723168027438 995711929221
829159899184 863300487951
224686471746 101465577182
868785372114 326073105674
595855950504 017680123895
276902487218 255284863046
939508386659 072725753078
344047875038 194828588645
699301828903 338409655127
033323898643 783854624472
266282160406 845171179601
293581078593 890188942952
749875340363 949564540520
755149881092 576558975752
328274700442 782617984228
504940667561 948409660758
081627472874 009709958587
708377561557 505845417584
265698448273 625931245031
740786535599 850439406211
077433064422 485951690717
403088573308 576510816298
759037725100 721348344734
204828210615 789111463818
530520362134 381209008336
652394351744 157610059932
692311920182 506542407244
958683768089 072609715270
935516991281 967849901656
410338821499 391505721855
138879801855 390077568490
628580860798 847196708231
580201864907 611440439383
390424818410 392858063487
507955430853 471021142218
184005797159 935980716786
708636728232 967459061687
437815053876 246072623870
869034533994 016814228549
484403030893 540082210125
239883477799 409981457539
