200 1000
1 2 3
1 29 894
187 80 244
153 186 947
63 74 532
37 100 766
95 106 160
154 168 387
127 91 169
115 136 596
52 179 525
98 159 461
112 158 415
4 78 189
77 188 311
3 144 924
15 152 670
47 102 424
152 95 999
168 39 640
192 143 111
108 90 52
153 172 288
118 136 551
179 191 699
129 155 211
154 179 301
75 63 42
149 118 416
10 45 696
152 113 426
27 173 364
102 45 350
41 113 480
49 81 105
7 77 909
92 107 293
148 87 844
160 112 241
79 4 356
93 109 240
54 53 135
119 157 630
151 22 773
24 68 608
118 50 729
167 116 302
148 173 328
133 40 830
105 195 882
58 173 398
81 67 603
187 121 884
149 96 494
64 21 8
145 196 683
115 64 142
35 140 145
126 85 467
81 30 296
197 43 39
29 48 682
37 42 951
175 186 558
20 39 97
13 105 513
74 168 660
153 14 296
124 14 733
18 72 816
175 22 457
152 57 860
190 12 612
90 98 769
161 44 290
134 39 853
18 56 427
130 45 494
57 43 530
17 169 22
195 183 797
36 176 487
128 163 866
153 25 608
95 189 688
170 193 91
108 26 882
129 9 727
50 196 278
122 48 595
131 88 772
117 126 347
65 102 975
184 149 431
14 84 983
3 14 286
54 110 167
58 101 917
197 87 995
85 103 959
101 126 519
66 37 619
179 136 178
27 6 140
200 114 507
39 190 736
73 4 335
180 135 134
193 112 186
116 164 397
84 92 323
148 110 778
83 65 718
104 25 352
94 22 910
134 26 186
72 85 958
157 85 298
36 149 637
119 27 630
190 143 899
165 191 294
101 189 651
125 163 535
55 146 910
131 124 654
152 159 878
193 179 874
156 154 497
132 128 432
110 59 214
191 78 249
103 173 934
89 73 570
17 43 741
58 194 916
52 103 516
78 39 640
119 29 418
85 116 290
140 148 848
166 25 34
141 1 928
185 25 625
134 34 74
75 134 626
28 45 110
26 121 550
68 177 325
74 125 227
39 194 658
192 4 943
16 104 258
153 15 770
105 174 523
92 79 421
4 38 682
56 69 323
98 152 677
5 88 695
189 125 741
89 81 773
23 175 284
121 180 925
6 162 691
40 46 921
14 142 146
148 81 212
26 97 403
3 106 74
67 172 961
199 126 692
9 102 303
150 128 699
159 39 207
1 93 700
187 72 57
73 160 709
52 166 91
150 174 355
71 26 260
193 62 313
173 42 845
60 192 252
4 196 609
114 179 347
154 82 951
50 103 691
53 43 184
127 123 798
53 51 179
79 136 411
172 72 20
175 137 285
24 74 705
150 185 698
143 144 264
190 50 385
134 168 541
137 153 125
107 172 318
191 90 780
171 36 826
88 154 594
80 23 29
56 78 673
183 67 182
111 126 302
20 85 633
29 99 848
39 62 788
169 178 530
53 78 13
166 111 531
174 72 870
21 153 69
19 3 754
36 175 451
128 82 660
17 147 58
138 42 895
130 124 81
92 126 785
199 143 449
61 38 986
171 172 551
173 107 407
149 84 957
167 185 595
28 13 617
91 162 1
28 140 281
164 196 444
195 108 444
157 80 834
197 90 775
153 146 960
83 9 685
70 188 798
53 87 443
86 85 797
34 128 349
88 35 963
151 127 217
112 200 543
101 107 717
157 132 682
21 172 912
32 66 351
107 9 293
63 62 871
112 114 890
157 62 665
169 14 30
7 132 206
140 17 694
171 154 470
191 138 287
6 47 807
124 103 927
192 179 275
28 131 230
180 161 748
175 74 955
32 49 997
93 88 623
89 103 949
40 99 822
171 183 174
41 4 507
62 190 782
43 183 195
9 180 335
126 193 185
93 188 841
112 170 301
113 195 740
110 46 634
18 194 941
159 163 465
103 72 991
20 93 160
174 67 628
179 170 624
176 199 38
133 88 954
15 27 491
112 181 196
168 98 812
197 19 922
148 155 70
76 140 785
173 110 890
159 76 589
123 84 700
16 150 824
35 60 475
139 15 596
11 30 336
165 6 446
153 129 353
145 197 328
193 113 282
87 127 908
38 166 411
83 141 863
17 79 828
48 149 373
59 96 997
198 5 449
168 31 711
180 115 300
60 164 107
71 16 614
82 99 805
180 195 75
52 137 531
100 66 332
34 104 901
30 86 405
69 21 103
16 62 975
134 82 112
31 87 907
171 64 760
95 49 801
131 174 799
4 34 363
27 86 354
122 79 720
116 111 761
125 66 19
200 85 939
156 19 893
168 38 681
121 200 394
30 152 67
191 199 937
189 116 632
17 188 842
133 113 311
162 190 497
177 80 387
80 162 184
116 138 804
200 79 87
185 98 507
92 20 258
77 182 43
44 128 26
3 4 642
49 153 251
21 152 128
27 197 373
171 49 661
155 181 152
88 23 157
78 156 252
69 34 552
146 170 315
126 102 480
131 168 634
21 187 454
193 154 206
108 114 116
197 128 593
144 60 142
2 63 51
114 50 307
19 52 87
99 27 100
110 84 67
2 117 102
47 161 701
25 119 416
11 144 50
160 138 115
46 48 513
193 32 273
25 69 715
68 43 648
99 101 618
50 76 133
59 10 411
105 3 339
7 176 756
100 153 388
49 28 203
63 88 960
46 15 804
62 163 253
186 128 855
57 36 648
56 184 411
100 79 589
147 64 152
8 78 244
167 145 151
188 55 60
41 72 386
40 79 701
58 113 634
129 11 350
23 124 548
187 14 843
135 25 690
30 22 944
181 63 506
171 83 623
129 56 853
149 21 154
170 57 364
190 160 139
65 163 472
133 144 431
119 173 892
55 83 482
149 108 207
93 55 940
118 83 49
182 171 826
119 44 764
189 24 849
200 19 42
72 199 252
162 54 930
152 144 210
185 86 926
192 23 615
81 11 438
50 25 903
79 65 133
86 39 992
95 86 770
107 91 339
73 61 705
177 143 678
172 4 217
12 170 24
19 178 578
27 17 658
92 6 942
155 137 825
147 15 64
73 70 150
22 141 509
24 114 241
72 58 857
25 110 853
22 68 867
156 24 244
9 32 956
169 170 13
20 35 600
90 43 957
97 96 868
169 145 7
199 175 768
33 81 132
66 63 746
134 174 305
70 82 212
109 141 80
82 176 230
135 152 869
39 23 63
91 21 536
20 172 469
96 186 48
21 105 773
1 79 96
159 78 535
121 8 719
14 118 585
29 125 492
113 62 510
95 175 214
152 92 816
73 57 653
40 33 774
1 35 153
118 44 229
174 27 885
147 102 780
16 39 695
136 152 322
178 180 914
169 50 990
81 180 539
109 157 138
135 92 547
51 179 125
111 62 911
18 111 558
74 121 92
47 53 692
129 186 88
43 4 974
32 149 379
19 69 578
119 120 410
104 157 287
186 155 634
81 164 203
104 151 805
41 154 358
146 35 934
68 159 779
65 45 54
18 180 546
168 84 795
13 58 991
160 145 115
62 93 218
102 22 439
148 131 159
106 176 890
15 161 329
117 50 22
143 10 362
66 47 905
124 179 662
112 140 511
156 17 206
121 69 781
28 181 239
181 197 124
169 30 657
100 105 485
86 106 562
118 68 992
55 138 320
194 89 208
159 4 462
60 189 318
8 177 838
126 81 226
120 118 556
195 152 789
174 39 912
16 116 436
45 50 804
66 195 234
145 172 381
15 179 291
173 18 811
142 189 118
125 94 147
134 57 64
79 77 657
48 31 963
133 80 301
134 183 94
129 193 343
35 45 435
105 4 7
96 2 937
52 142 438
41 175 171
5 14 44
114 77 226
10 18 771
105 7 286
182 67 440
61 194 85
128 147 616
50 94 183
40 60 625
120 69 143
21 39 40
124 56 200
48 88 618
166 43 480
48 73 912
197 187 588
134 150 801
47 32 465
18 87 857
103 166 736
76 164 205
155 134 947
116 22 145
127 79 614
197 102 931
185 155 100
127 199 620
13 17 58
38 69 840
114 130 748
109 80 773
105 185 926
27 126 952
84 195 420
60 25 96
194 82 308
61 52 645
95 32 75
133 44 526
93 4 727
6 79 516
138 36 592
138 139 575
11 52 268
79 39 299
42 159 161
179 48 634
42 77 274
199 177 378
141 54 728
18 46 570
141 104 879
102 127 721
74 17 992
154 29 822
130 151 504
143 169 828
104 44 400
144 121 236
170 22 414
49 53 773
158 61 485
67 27 910
38 74 32
65 62 929
179 93 332
18 128 349
40 115 263
100 26 297
45 61 738
40 98 82
100 129 701
2 184 372
94 17 126
48 50 605
143 4 846
109 171 133
167 132 452
90 195 63
188 182 705
84 101 891
118 165 619
123 143 14
144 46 399
126 62 987
98 34 438
56 171 20
98 51 335
196 68 76
187 27 471
193 22 808
167 14 351
98 60 804
65 118 717
79 107 670
46 39 429
162 112 99
105 89 862
158 164 887
148 147 887
59 97 410
9 128 575
91 139 52
77 159 25
136 56 242
126 35 943
10 192 926
68 57 722
10 106 196
77 116 836
100 62 496
83 113 683
147 40 280
129 161 901
171 41 323
33 108 520
140 118 634
13 6 249
79 24 179
83 80 176
76 171 550
177 44 395
84 49 496
200 9 83
183 55 46
55 35 861
113 32 510
59 6 457
171 47 715
167 30 492
156 81 554
163 99 219
190 22 439
49 59 636
136 99 93
64 198 407
80 38 794
92 97 745
12 175 209
109 152 370
127 4 917
42 160 477
119 96 263
9 156 749
194 75 170
168 30 386
24 52 331
42 105 747
44 130 655
191 163 161
183 86 372
98 117 200
27 107 63
161 121 379
114 155 798
133 29 809
158 73 55
95 128 929
154 177 132
125 18 499
56 49 626
50 121 632
115 10 503
97 23 74
161 86 874
180 148 890
145 37 320
68 122 833
188 166 228
62 166 198
104 200 128
134 190 893
196 57 586
26 13 97
98 89 212
47 87 142
22 80 188
156 152 275
87 92 191
123 110 394
189 86 142
61 181 333
23 95 3
175 88 169
27 115 750
56 162 409
27 4 179
102 117 716
126 157 308
191 9 650
1 170 919
135 113 606
107 115 553
114 5 876
135 59 978
3 76 402
1 19 207
44 162 292
44 199 152
8 79 170
164 89 155
11 58 622
62 68 37
58 82 141
47 106 553
145 60 441
29 132 619
173 94 862
63 127 259
91 79 864
102 60 750
3 1 918
171 119 331
125 192 548
89 160 812
154 186 700
161 200 44
66 98 247
51 149 479
3 152 557
142 133 483
110 55 9
9 87 590
93 133 97
189 165 317
132 105 687
123 168 264
20 94 708
167 152 122
7 45 100
105 102 609
74 177 836
28 4 696
148 47 737
115 138 553
147 124 292
86 162 96
141 55 573
86 46 587
130 2 573
119 194 981
95 93 381
147 166 17
43 66 764
54 126 481
45 82 999
169 182 939
179 47 952
51 173 263
7 143 146
67 113 230
145 89 984
71 39 232
1 90 565
157 60 665
77 45 618
20 54 380
139 171 416
74 88 689
175 101 928
143 46 998
145 72 939
12 83 496
67 193 69
12 171 656
4 166 120
114 80 811
94 153 585
183 114 530
18 62 850
180 182 675
62 32 212
79 19 994
31 98 433
166 30 673
71 23 848
76 64 409
168 72 465
139 22 519
3 95 719
169 54 899
163 160 731
120 8 337
105 148 441
113 153 197
17 167 588
193 25 381
156 193 95
63 121 152
168 188 763
1 60 181
61 102 948
80 61 420
15 142 485
95 184 785
154 178 174
168 138 723
3 17 539
194 37 38
76 168 3
178 35 220
79 112 673
62 71 526
151 155 846
114 26 346
58 183 423
187 138 779
126 112 746
1 51 393
191 151 153
97 123 228
26 170 128
86 145 954
152 66 713
193 116 660
186 145 200
70 62 990
180 38 946
167 47 534
173 24 121
194 123 47
79 88 500
176 157 587
159 28 704
162 22 613
25 131 913
63 146 500
85 68 82
156 110 426
79 57 374
75 109 955
45 199 541
149 127 189
59 121 554
179 101 288
107 68 96
120 146 324
27 14 305
190 144 213
118 13 870
129 45 636
36 92 928
171 57 556
124 84 874
77 69 652
27 175 682
3 167 562
80 100 288
167 49 109
19 68 269
95 170 384
128 200 963
178 93 989
118 194 355
133 35 779
130 134 409
32 71 592
182 57 145
141 44 439
122 149 732
62 10 767
103 136 596
66 81 117
111 167 323
144 76 343
54 167 385
89 21 987
143 154 652
27 22 188
19 127 312
22 24 509
99 75 32
108 73 505
122 172 732
129 187 74
172 15 452
5 24 38
126 125 688
178 177 913
44 94 379
75 19 621
103 38 576
102 8 803
66 113 771
41 93 418
22 81 19
120 182 378
168 37 560
173 2 179
191 52 50
186 32 783
130 29 691
185 108 222
196 20 431
176 5 100
3 156 432
31 65 413
86 116 155
5 129 219
111 54 149
21 78 427
136 51 492
72 69 429
200 89 886
87 125 657
88 11 831
104 196 882
126 89 390
187 97 461
95 162 325
106 68 702
152 13 697
40 23 526
42 129 435
148 70 895
99 128 35
125 154 959
150 131 450
75 54 920
8 181 95
71 15 676
158 78 711
54 106 364
188 59 963
150 124 534
70 52 275
46 128 158
67 124 380
124 48 282
93 8 82
26 194 783
35 104 553
127 10 253
149 199 996
164 1 536
174 116 185
50 66 193
155 150 997
175 35 5
56 3 312
76 151 868
103 170 367
