200 1000
1 2 3
14 56 834
72 73 723
193 53 452
20 10 8
73 24 387
179 182 744
105 157 768
185 74 981
64 91 222
24 175 229
174 142 254
118 90 546
122 112 474
13 140 397
86 55 314
92 52 85
64 65 608
157 88 2
120 177 159
139 134 592
75 127 526
185 88 775
180 174 129
44 188 87
129 44 926
187 101 235
40 3 76
165 179 147
94 187 635
146 152 200
131 120 307
116 66 239
178 2 741
169 41 977
162 128 119
11 99 631
130 154 608
135 181 319
77 99 58
154 9 922
61 111 774
17 127 627
121 92 194
12 23 9
22 7 672
26 41 235
156 102 820
173 86 382
29 49 858
177 46 279
92 81 342
125 175 136
86 170 305
137 52 775
197 171 701
177 158 257
107 54 546
177 44 873
159 90 351
37 106 312
195 97 240
130 85 682
67 193 484
163 101 99
51 65 283
39 92 952
176 2 520
29 199 712
12 191 739
68 172 789
137 21 425
133 11 635
192 50 544
116 4 680
89 14 667
158 140 100
141 197 887
158 120 294
143 8 277
91 63 954
124 106 770
12 146 24
115 200 921
71 20 913
99 72 986
109 157 813
1 11 814
96 2 468
132 131 811
94 5 199
64 92 551
80 191 805
173 102 906
132 166 769
116 84 280
119 184 557
56 25 430
74 108 894
167 169 548
124 53 234
165 108 949
150 188 167
141 128 579
126 122 52
186 98 414
63 21 846
157 99 984
144 192 402
163 81 704
189 26 221
176 188 261
131 8 553
90 105 577
160 122 463
141 12 168
25 57 721
37 18 292
15 118 609
6 75 444
7 86 777
96 109 763
51 24 967
63 87 500
112 153 722
153 182 534
42 171 520
49 7 617
187 132 528
137 188 589
3 199 163
174 133 295
149 193 324
35 103 120
194 97 227
66 46 194
31 32 673
8 18 987
187 126 698
185 80 213
181 26 18
13 73 905
75 172 735
191 184 862
161 43 41
195 49 85
59 24 139
38 200 350
198 169 775
103 19 139
149 167 51
4 47 475
94 141 905
148 7 756
192 101 917
57 15 314
7 41 640
44 100 37
49 14 83
55 173 155
90 132 610
169 121 577
2 59 559
148 192 617
146 107 649
180 40 28
117 129 548
128 4 950
74 135 983
194 198 75
158 48 764
125 21 947
173 121 842
140 45 165
51 110 522
50 73 637
138 20 650
81 95 794
93 178 358
165 175 205
63 84 451
183 180 259
121 49 377
80 37 821
18 111 382
50 126 286
84 58 71
76 106 456
141 180 774
70 132 886
10 117 827
198 28 781
139 80 765
65 111 193
78 66 538
180 15 695
140 22 963
43 87 501
112 70 828
195 60 460
164 153 335
81 7 684
143 43 57
55 96 361
86 196 6
116 63 123
145 92 300
17 192 921
95 34 822
123 72 253
36 7 923
67 4 649
134 130 892
69 161 112
29 130 168
145 100 512
165 85 713
7 72 646
67 99 866
130 4 300
90 181 860
55 78 792
140 74 90
178 172 218
145 146 524
145 143 837
144 33 642
1 178 697
21 162 785
143 14 429
200 59 389
35 117 367
156 98 193
6 147 143
112 156 246
85 125 846
57 170 353
88 12 612
24 108 397
39 64 4
134 185 619
11 83 332
36 151 759
60 75 555
13 51 730
98 20 434
37 157 357
83 46 688
130 52 844
154 53 155
141 105 348
135 52 365
81 26 163
189 73 437
190 155 959
169 43 831
10 102 740
5 192 144
76 71 934
93 99 160
52 120 22
80 107 808
64 129 331
64 106 39
8 78 779
114 42 691
129 87 237
54 180 155
77 123 614
35 127 270
67 72 801
170 152 355
45 77 118
193 189 727
107 64 815
142 189 459
78 132 437
160 108 608
66 122 356
123 15 367
31 157 522
27 13 676
62 187 130
121 71 413
64 157 778
78 194 321
52 90 49
198 82 519
14 129 315
105 8 817
87 198 166
69 46 416
53 152 36
111 168 886
177 95 852
27 181 869
48 120 421
172 94 321
122 143 306
3 4 441
122 92 712
139 118 102
155 8 760
179 25 931
31 102 624
103 163 900
10 189 588
38 40 549
100 22 902
46 132 898
167 110 958
22 161 105
192 77 272
146 194 841
160 192 733
122 123 731
131 58 285
4 31 918
123 161 416
93 39 120
48 43 148
118 161 436
149 130 760
145 56 326
66 148 428
167 49 714
144 27 901
56 151 854
130 179 422
152 19 108
19 156 59
53 5 175
90 155 813
91 103 390
153 96 914
58 177 443
36 137 837
175 157 200
74 96 445
91 132 4
113 191 610
175 133 947
145 7 735
51 46 983
123 89 383
87 64 902
63 37 668
195 123 378
85 24 991
170 92 656
55 19 639
172 184 113
133 14 200
154 79 325
82 98 37
62 51 449
199 1 429
191 183 874
179 32 480
63 13 57
94 148 650
187 128 693
148 196 665
134 189 347
62 14 284
65 40 679
101 50 739
108 192 282
177 123 819
191 127 178
135 148 556
195 85 963
94 91 918
8 117 123
108 133 148
126 128 412
23 56 685
123 13 177
55 192 319
3 45 881
6 85 54
88 137 111
151 187 957
142 77 932
95 106 201
187 107 767
94 159 441
101 53 271
90 192 588
85 192 51
106 171 266
102 49 190
50 15 591
135 137 851
10 4 471
121 165 72
51 129 133
19 120 255
66 123 367
186 2 585
164 169 630
63 32 585
131 161 718
74 187 342
129 120 996
182 154 635
123 5 206
125 170 153
113 141 623
28 154 674
166 61 245
25 141 741
38 77 819
57 24 103
118 126 706
18 50 619
69 14 549
30 180 543
93 74 276
134 17 974
141 86 148
42 3 58
94 9 95
106 132 314
106 185 747
25 200 28
118 187 861
153 156 929
163 53 786
93 92 9
32 14 544
187 63 745
143 199 196
88 50 744
63 6 671
62 61 495
22 17 898
134 169 32
196 63 147
188 105 399
110 66 587
91 130 450
155 141 836
196 146 185
168 13 842
30 160 101
6 95 466
113 148 486
101 161 431
59 155 650
25 6 352
71 100 823
170 50 68
21 20 645
77 111 236
115 199 108
133 157 349
139 35 351
52 22 6
158 141 270
84 23 892
52 19 697
132 79 911
90 70 328
116 151 239
189 198 866
23 171 894
186 113 916
132 6 582
147 176 843
182 45 971
193 70 367
153 158 131
183 185 702
26 8 781
71 113 167
161 52 31
59 41 579
63 199 837
54 56 984
27 25 793
15 22 377
136 134 352
189 48 294
29 194 891
171 75 715
3 102 708
122 23 419
29 83 757
154 163 483
121 150 858
20 196 925
121 14 964
6 43 58
46 58 92
17 117 756
94 121 990
184 65 880
7 138 706
6 76 158
19 107 978
168 24 441
176 100 868
55 199 740
195 39 460
181 14 963
138 118 194
85 10 113
171 3 417
96 190 415
126 106 389
40 59 86
13 36 114
50 23 429
42 82 779
92 61 808
151 191 755
191 109 494
36 24 484
180 186 120
189 126 159
134 73 65
197 30 96
81 97 858
177 145 889
69 175 563
21 23 146
184 186 90
134 72 17
35 24 306
35 178 561
97 38 791
121 174 447
86 13 347
63 178 184
198 18 892
82 97 732
152 16 463
38 60 612
183 98 67
177 17 586
102 29 265
125 158 596
159 83 775
135 12 772
48 123 856
146 111 640
12 11 568
27 64 104
181 85 260
121 52 233
95 132 230
77 12 160
182 18 734
17 119 437
109 41 863
79 136 892
152 69 950
166 164 367
136 167 183
34 24 725
175 19 911
54 69 35
115 17 942
112 196 891
118 199 596
161 168 596
82 66 323
143 36 24
48 193 133
43 84 406
43 159 449
195 92 488
156 71 443
35 14 78
73 155 225
52 41 940
101 87 195
149 3 314
143 91 862
189 57 561
148 120 553
71 195 77
186 148 925
57 98 431
67 196 851
45 146 43
122 137 262
142 115 926
32 108 33
4 16 835
20 37 845
73 122 868
72 101 222
87 146 987
170 168 847
140 173 912
186 132 510
101 97 924
123 44 187
111 196 638
161 81 150
129 127 355
83 131 298
96 73 447
56 165 861
104 167 486
109 182 133
22 132 890
156 134 821
144 48 394
150 12 936
110 124 482
28 135 580
68 60 852
57 35 15
80 138 190
163 127 360
25 49 989
28 109 189
137 16 747
177 140 291
110 47 256
26 48 831
152 54 763
117 58 675
167 84 68
19 83 776
95 196 369
171 125 778
158 167 694
91 196 157
18 160 353
47 150 68
20 167 578
147 29 828
26 115 660
96 18 304
200 88 558
84 37 984
5 7 218
48 91 336
105 132 131
20 77 171
47 37 783
146 5 945
123 64 831
177 153 17
35 16 643
73 76 344
45 59 704
7 118 842
47 174 730
44 183 956
182 58 80
27 26 728
162 81 258
32 95 248
161 110 997
9 180 445
45 138 800
18 121 842
3 128 313
165 15 573
18 134 905
13 107 35
114 127 480
128 124 648
112 176 925
185 72 665
163 31 989
190 33 708
165 79 79
3 160 993
151 80 944
169 175 786
170 116 178
194 17 359
124 37 736
123 84 832
69 141 34
33 148 819
78 110 61
91 3 155
29 122 440
156 21 973
52 127 696
33 173 836
74 157 564
2 193 274
34 70 674
105 22 217
102 94 678
63 151 566
67 198 319
110 136 209
187 165 272
48 76 58
130 118 185
121 160 604
40 57 105
17 53 805
42 49 41
110 128 32
79 105 538
149 200 87
162 65 270
33 21 205
146 7 571
192 121 654
199 106 18
51 144 160
110 19 873
97 1 506
55 49 22
148 110 260
3 174 131
72 157 591
70 61 970
190 179 996
91 117 971
128 111 920
199 71 564
125 71 62
4 115 61
173 14 671
96 156 326
153 23 807
101 110 269
150 164 604
133 22 683
128 87 379
20 149 252
6 198 757
49 150 413
13 117 574
189 37 499
99 65 347
151 25 15
72 147 474
62 153 566
179 198 241
73 166 307
90 34 572
67 5 142
10 151 982
126 35 712
108 177 304
73 193 144
63 3 291
72 177 384
196 68 729
41 28 25
161 17 689
124 71 417
174 90 260
143 165 972
166 158 968
187 161 248
194 72 598
66 184 172
108 172 56
107 118 304
178 153 430
146 121 716
25 125 226
53 50 324
30 127 467
137 69 401
146 46 791
26 199 963
64 28 853
133 103 982
186 11 857
88 58 89
166 120 444
130 155 150
32 161 653
57 44 645
82 68 514
190 38 479
52 183 49
112 48 108
85 175 106
9 115 41
181 136 429
155 65 759
139 44 506
113 171 939
20 161 891
188 184 586
190 60 756
94 18 959
107 122 378
17 23 759
4 187 664
85 27 528
17 150 257
148 142 127
37 178 615
37 131 949
163 113 637
147 184 249
89 69 189
52 118 496
108 11 669
76 62 671
157 22 659
153 61 860
193 9 401
190 20 663
139 82 61
11 160 187
159 165 481
116 3 918
73 81 282
163 190 555
139 194 657
23 37 612
150 65 917
14 50 389
150 111 572
14 111 450
52 93 527
100 1 255
52 37 445
20 144 829
151 154 382
46 180 969
191 175 795
114 118 745
34 97 216
16 32 766
98 74 569
54 12 320
17 92 231
80 117 615
24 109 134
5 38 890
59 57 920
23 142 317
137 94 61
23 102 909
138 97 756
35 12 833
170 196 925
91 45 101
17 133 678
162 51 315
4 197 351
54 60 195
141 186 793
110 117 300
195 38 626
25 195 496
50 142 247
23 64 975
132 110 563
102 143 397
14 75 168
18 22 730
71 93 630
60 135 324
131 152 761
169 4 717
28 149 246
54 44 363
19 186 977
7 84 557
140 110 333
134 114 4
23 130 964
79 168 861
4 30 457
3 75 109
38 59 209
155 56 405
170 48 570
73 32 279
109 190 88
187 80 435
165 140 295
148 1 530
102 78 569
9 66 537
150 61 955
15 79 165
140 183 971
134 150 392
173 83 115
40 42 41
168 55 195
189 102 543
196 62 16
75 32 955
29 80 615
187 3 952
196 6 975
52 50 250
110 164 439
128 22 326
132 57 723
25 194 745
146 47 698
62 59 564
72 80 150
80 23 276
133 107 8
179 112 534
110 31 957
70 147 515
13 50 641
143 61 480
21 136 433
153 188 510
94 170 672
125 186 32
73 77 326
182 124 734
172 174 76
133 74 26
110 83 679
168 108 190
191 179 286
41 67 100
21 163 779
43 30 169
101 118 658
139 30 174
131 105 147
66 115 595
111 179 348
31 1 232
93 5 786
95 49 565
68 25 54
72 160 481
199 173 715
178 105 981
22 155 736
13 2 623
79 114 332
77 149 845
147 140 784
25 116 602
194 70 436
66 94 723
54 110 254
9 64 781
101 16 344
37 172 240
125 83 653
163 68 767
41 18 624
104 66 140
158 20 132
19 122 622
55 176 360
135 67 274
140 106 852
1 44 370
145 199 969
87 61 279
65 76 516
96 181 309
141 19 376
75 157 523
39 9 700
200 136 32
182 77 901
143 15 231
175 107 669
113 193 875
96 83 110
171 180 461
83 14 821
71 149 77
64 168 601
14 147 415
76 82 665
196 51 914
87 159 72
56 171 396
152 80 894
183 65 19
19 161 364
173 131 918
62 137 461
6 115 794
114 136 250
7 123 797
16 163 438
95 14 937
44 8 887
152 172 332
138 128 464
153 100 56
161 119 540
186 128 661
71 73 293
52 175 251
