200 1000
1 2 3
43 19 182
154 22 331
20 106 246
121 114 543
18 161 965
36 65 328
144 194 911
174 11 801
45 52 856
174 179 762
177 185 462
144 79 388
197 105 185
81 194 538
20 12 82
130 85 372
112 169 87
179 73 937
196 31 48
60 92 537
165 36 663
51 15 886
133 197 878
133 82 71
143 148 457
89 170 982
41 106 391
40 14 506
147 133 975
140 18 826
144 99 378
147 188 727
27 110 446
171 86 407
52 183 751
151 198 171
124 61 195
77 198 147
136 197 701
72 50 622
87 102 668
114 8 86
171 30 927
124 135 767
188 29 98
187 46 261
81 115 692
177 174 864
35 32 29
196 87 727
82 98 385
186 168 335
83 124 490
95 79 403
144 94 611
121 178 393
133 200 327
43 33 785
105 177 405
124 146 958
141 9 276
114 129 96
53 21 795
51 144 285
64 24 971
128 126 58
23 29 372
119 94 987
97 67 183
1 105 288
34 137 276
172 170 584
24 175 976
178 42 438
171 2 620
138 159 264
40 102 56
24 107 898
84 11 192
129 134 560
191 180 745
96 193 426
75 131 262
74 42 517
96 188 803
165 159 879
82 81 413
110 74 316
96 7 617
125 70 257
29 181 857
141 66 398
39 69 593
160 4 937
184 57 929
200 158 416
197 103 321
152 13 374
101 151 370
3 175 225
181 88 859
189 155 101
128 15 328
17 158 705
94 54 114
170 17 666
97 2 416
127 54 285
195 170 386
90 64 410
7 197 235
143 150 452
38 180 544
43 76 73
122 191 158
143 17 100
193 30 34
196 81 674
30 128 213
157 48 841
13 130 927
167 67 35
59 66 757
52 194 195
120 193 737
100 62 84
181 156 620
198 132 975
24 158 479
83 80 386
172 27 360
196 183 405
62 193 941
50 148 517
152 33 610
69 111 758
52 157 211
180 158 331
127 145 625
164 169 82
17 193 982
162 148 187
14 44 383
28 109 128
108 111 782
43 89 862
101 126 101
100 113 285
176 91 266
177 84 271
139 28 938
97 68 506
14 146 235
130 41 2
124 183 827
166 79 523
99 137 350
106 105 325
109 51 154
182 38 585
77 55 216
3 44 864
110 99 68
180 57 403
77 41 983
112 52 81
7 22 136
157 154 695
76 177 871
188 145 347
57 125 564
112 99 749
149 4 244
79 136 685
171 183 969
143 33 889
46 9 324
114 41 750
104 181 602
94 113 313
99 108 717
96 165 233
3 48 575
75 173 884
104 170 956
124 104 836
150 64 76
130 159 622
184 8 933
166 167 197
79 84 735
102 39 284
154 134 434
134 84 420
6 57 339
167 147 160
188 131 412
180 130 417
95 156 289
183 68 53
126 88 633
88 8 481
30 108 358
114 1 50
137 120 756
178 30 87
41 166 919
25 86 223
53 48 494
171 192 524
22 56 978
164 82 336
88 142 858
5 38 177
163 19 90
67 188 342
127 88 945
187 129 205
67 120 103
32 116 608
66 85 526
96 191 933
71 165 380
6 21 226
6 20 795
40 161 109
91 61 361
13 176 944
194 95 626
106 50 393
200 113 558
54 11 722
127 64 823
121 159 584
148 71 395
167 196 228
172 101 739
119 52 674
158 69 247
76 122 978
186 142 522
127 25 230
48 195 193
16 62 920
126 109 664
13 128 422
160 96 494
199 6 221
154 107 537
76 142 55
5 100 655
94 42 592
23 14 812
148 151 281
132 80 325
144 126 673
187 188 751
194 145 36
80 181 173
46 26 124
183 61 78
74 158 211
62 138 498
162 121 478
92 147 670
71 85 560
36 58 698
18 92 181
33 136 508
149 153 61
152 16 845
156 141 373
155 165 746
48 36 236
135 64 12
64 109 799
96 66 618
180 40 225
126 41 976
86 197 343
132 134 77
131 87 937
128 39 482
66 54 406
111 64 728
121 24 755
4 31 200
76 144 478
142 31 32
22 180 100
45 173 688
28 23 786
150 178 299
176 112 656
181 93 754
200 131 440
127 15 313
24 20 208
49 81 624
91 100 513
188 169 406
159 26 96
26 100 749
145 104 258
20 77 320
126 122 433
191 6 292
134 116 339
173 1 806
134 49 649
123 51 780
30 127 711
43 18 153
146 177 132
70 167 735
194 15 833
48 151 639
40 109 81
131 48 189
46 16 298
91 64 757
185 55 444
128 25 507
76 136 736
162 132 434
156 113 134
47 133 367
7 111 55
155 87 847
198 122 733
28 44 224
125 91 715
47 57 799
23 3 974
62 109 771
134 64 298
135 109 967
8 96 820
197 195 17
199 161 672
118 55 523
21 20 163
176 51 532
34 60 497
169 74 941
108 140 140
5 156 444
146 75 408
25 157 772
60 137 806
136 32 290
18 133 951
130 76 233
113 44 45
70 10 692
95 23 824
112 85 51
165 145 885
140 52 127
197 49 748
40 115 256
157 115 613
133 75 603
4 163 427
40 155 742
152 153 135
99 103 259
167 32 870
55 39 802
35 1 789
72 42 228
145 114 670
30 74 639
90 57 741
79 85 819
49 162 590
145 149 213
89 92 243
72 87 413
190 68 2
1 11 204
18 107 22
54 2 663
153 9 489
26 20 211
65 27 863
114 65 838
45 76 959
80 131 783
193 134 413
92 163 434
180 63 197
177 21 880
112 97 32
130 66 331
62 125 613
34 113 176
26 21 487
173 112 404
160 192 683
171 129 562
46 84 285
179 192 113
30 32 577
35 132 993
146 31 361
164 141 480
13 140 182
5 174 690
43 32 740
70 23 646
37 175 664
130 2 506
158 80 456
199 160 224
51 96 940
182 164 653
131 73 821
53 123 595
84 49 527
128 71 479
121 194 208
96 6 834
148 117 822
103 102 180
33 14 968
137 26 410
168 69 744
43 183 500
120 90 647
102 117 513
60 98 663
78 177 151
99 175 235
125 22 831
139 113 642
134 91 292
117 69 580
23 186 692
187 109 93
96 67 493
115 150 93
117 56 747
172 150 219
17 186 926
57 71 624
51 194 903
39 150 356
186 190 244
42 69 144
150 17 19
182 88 114
97 100 955
34 57 830
18 167 605
18 190 350
108 26 683
113 181 103
86 190 93
47 65 972
1 197 42
48 26 947
193 198 942
66 63 688
19 174 569
102 51 352
4 66 866
14 51 665
199 95 103
136 8 46
148 156 586
197 32 92
90 59 752
50 188 595
110 73 997
50 137 853
197 28 299
31 57 621
176 179 450
125 84 326
126 94 241
89 168 467
92 91 218
185 99 428
31 122 755
165 123 24
27 195 826
197 77 237
159 136 245
138 52 987
20 59 895
192 89 892
153 91 238
1 200 430
91 111 854
118 32 196
67 134 842
37 47 951
106 66 24
194 101 245
15 48 529
65 111 895
172 198 784
169 59 118
140 1 403
34 165 23
14 169 95
133 58 920
55 163 460
163 34 428
92 160 416
158 43 738
56 176 122
63 82 914
55 129 870
40 118 414
173 124 574
149 77 978
70 57 23
16 38 744
189 53 613
139 71 583
166 186 488
94 18 177
149 108 298
110 36 426
196 123 791
83 105 548
102 122 474
82 14 990
10 13 397
193 71 940
151 84 384
116 184 760
116 183 698
107 200 798
68 191 765
58 173 535
32 94 462
160 75 118
129 131 702
5 192 964
32 23 158
168 35 531
133 165 304
18 7 130
120 52 671
96 73 955
147 103 855
53 199 129
145 115 164
196 78 159
50 89 577
2 10 77
123 44 247
52 76 878
116 120 422
157 73 337
40 63 809
157 176 1
113 137 931
69 33 621
75 176 244
61 129 833
198 108 853
29 16 303
193 66 331
133 194 742
89 104 217
116 133 812
55 159 78
129 35 664
183 26 593
79 171 160
113 187 809
157 81 738
146 18 998
144 44 635
143 3 49
190 131 242
34 52 57
115 16 764
64 186 38
68 175 902
143 164 658
67 37 575
90 61 757
155 93 334
44 67 97
64 21 55
25 34 451
52 5 803
36 93 304
33 155 979
168 94 739
93 101 162
184 75 254
146 12 175
85 42 620
200 103 431
45 143 957
59 52 260
29 19 24
139 76 974
158 162 932
19 184 897
79 13 692
72 90 228
126 185 159
122 157 910
133 94 560
1 23 458
67 30 986
112 41 606
98 59 223
170 193 487
98 2 754
28 64 251
100 88 785
135 23 429
30 139 94
96 94 308
126 157 816
136 25 977
103 42 25
4 135 183
127 103 60
156 82 360
198 33 898
44 31 562
100 102 695
12 195 912
159 189 220
156 23 528
169 187 50
152 17 656
119 164 669
142 146 820
179 128 657
95 153 93
94 162 782
114 90 502
36 42 430
172 159 271
117 62 775
31 197 216
31 114 37
123 78 808
46 82 14
77 138 246
41 179 772
192 37 736
49 132 473
106 47 867
9 172 5
167 76 10
188 139 365
34 12 948
151 150 230
33 168 459
98 149 832
36 146 8
61 20 991
69 164 956
98 8 283
119 75 643
166 56 31
110 33 34
157 184 371
88 5 865
59 118 426
7 99 718
133 164 54
135 97 448
129 88 432
41 2 99
85 25 252
8 69 432
82 38 80
84 92 781
30 53 368
23 187 725
104 92 583
182 8 418
162 37 95
126 137 940
21 110 144
75 122 456
195 198 445
161 16 571
5 149 812
190 162 460
7 36 793
37 116 269
40 192 781
3 72 838
95 140 820
184 140 321
90 134 33
26 116 750
50 84 310
113 32 667
121 42 787
118 61 629
86 1 976
124 87 617
123 137 489
158 129 598
158 154 886
97 156 426
117 181 34
189 139 77
121 98 504
177 192 701
123 122 584
17 20 713
71 94 149
60 136 464
161 69 3
11 16 54
109 146 11
40 85 863
68 117 290
159 166 82
93 96 250
27 134 592
32 50 71
196 80 910
187 17 100
86 102 53
123 35 396
2 151 92
154 82 501
75 2 820
143 138 703
71 122 913
197 55 797
14 89 641
64 107 567
136 31 335
35 11 626
197 23 384
45 20 619
19 13 999
22 31 666
154 163 116
74 31 157
59 99 804
187 123 311
67 105 478
128 74 330
83 135 618
135 167 758
186 184 240
162 123 523
36 52 14
14 187 29
189 127 311
25 43 170
28 189 736
79 45 762
168 165 365
106 117 379
28 170 582
47 119 255
143 7 201
95 21 776
139 21 446
101 186 698
63 53 989
45 162 47
45 2 499
126 25 911
88 166 613
48 37 282
109 186 593
5 51 42
147 98 810
192 115 629
157 28 61
185 23 966
130 84 37
134 30 858
124 154 266
112 90 294
72 41 438
194 38 851
23 119 182
46 182 163
189 186 48
49 73 945
84 191 12
199 115 832
35 148 992
36 190 826
121 132 606
51 163 179
18 115 571
130 175 159
11 36 274
137 89 698
75 99 119
103 35 778
107 188 578
14 77 672
17 156 33
162 43 481
86 49 353
75 60 771
194 80 529
15 151 499
92 83 1
50 191 503
11 109 246
116 28 831
163 21 766
62 40 187
79 134 36
43 122 117
154 24 449
153 54 629
127 83 125
104 87 640
105 93 310
142 123 344
106 137 873
94 155 281
60 149 943
144 17 543
19 133 21
131 180 902
57 1 387
60 115 432
136 200 620
99 11 28
32 36 20
136 102 61
32 114 288
100 73 715
123 58 387
62 15 653
96 47 547
26 96 484
5 189 486
194 170 468
59 84 573
130 152 951
182 199 157
120 87 281
72 106 298
118 29 750
177 91 943
55 145 375
19 7 730
36 115 238
160 185 929
138 148 673
15 187 961
29 38 745
196 128 569
37 16 220
120 118 843
136 74 375
23 54 965
53 176 15
88 164 243
52 143 123
29 191 891
52 156 288
116 100 997
88 62 713
64 106 820
84 120 461
182 156 576
50 187 544
102 12 890
124 82 146
190 118 2
131 26 546
163 125 465
10 155 434
119 140 733
158 186 115
134 55 775
1 91 356
40 123 71
138 169 288
6 46 356
33 7 813
23 19 979
89 38 94
181 35 600
1 153 679
86 20 530
11 110 51
27 75 497
62 189 988
95 177 709
148 184 811
110 5 102
195 54 550
43 140 841
173 80 59
88 13 891
146 169 403
69 187 301
163 17 406
30 189 887
95 178 159
127 23 133
20 125 727
81 188 37
12 158 658
136 9 693
25 112 549
185 68 909
194 165 868
100 133 622
89 109 703
187 7 944
144 40 938
175 60 964
189 41 224
89 101 999
161 2 391
92 93 747
87 42 845
123 189 40
184 32 723
96 38 848
193 113 992
22 63 287
43 111 524
134 108 53
191 39 569
140 141 6
165 78 304
70 94 61
91 2 789
51 71 251
147 134 685
128 11 783
129 26 869
26 125 251
87 32 700
112 128 882
8 139 885
188 55 810
17 109 817
182 73 113
133 76 355
56 10 459
61 195 616
94 175 841
93 39 683
27 116 408
39 118 583
67 86 13
31 110 606
182 113 339
77 5 362
83 22 590
108 59 63
21 2 400
109 58 819
120 167 336
98 91 922
53 113 575
71 21 671
80 28 336
64 55 531
147 48 388
171 106 860
70 24 765
6 100 122
60 87 978
33 85 337
86 6 194
2 179 180
65 32 651
23 182 671
155 98 395
73 26 407
46 57 327
102 21 214
160 173 395
172 97 335
160 81 191
187 143 928
95 53 704
126 83 223
141 57 187
182 200 491
142 71 232
199 19 387
97 188 512
86 89 31
163 149 537
48 111 323
183 151 118
