200 1000
1 2 3
168 149 292
187 144 893
194 126 998
91 135 202
57 128 426
30 118 844
60 45 900
49 82 295
43 28 617
102 17 836
189 171 840
158 95 490
158 92 236
85 80 960
145 43 828
154 164 524
114 12 776
8 187 289
109 57 454
30 174 23
181 161 89
144 176 35
184 113 54
118 128 564
124 16 639
31 151 3
19 17 734
108 129 613
141 180 855
25 101 943
31 167 377
100 38 144
84 97 484
17 52 378
16 120 367
169 69 1
86 74 847
68 145 111
199 149 93
111 113 986
37 121 497
141 107 40
91 41 721
1 106 570
35 79 769
102 136 245
184 32 389
61 150 706
152 109 344
35 42 182
38 198 812
53 131 349
50 18 54
115 44 727
164 131 585
36 96 314
175 38 109
10 65 864
162 196 467
71 73 921
124 181 670
165 28 323
90 184 844
104 129 546
52 10 484
130 46 725
128 160 62
131 124 140
130 108 115
110 76 992
38 165 962
137 22 786
113 166 283
49 167 624
157 195 121
133 61 209
160 103 385
98 97 833
51 42 105
148 105 650
3 67 64
180 73 163
179 36 5
179 125 961
83 117 428
194 2 935
14 85 163
39 49 965
195 67 27
185 100 339
74 92 563
73 46 300
47 25 825
16 34 501
25 118 368
19 163 731
125 110 318
62 79 539
107 155 38
123 10 796
18 32 820
15 116 388
7 78 133
27 78 907
70 10 639
96 153 317
64 127 894
2 174 466
112 50 597
113 53 815
8 22 223
177 28 836
119 172 936
139 197 669
10 86 213
92 174 306
171 122 783
30 96 504
111 124 271
69 159 879
141 161 761
92 154 287
79 59 404
73 193 132
181 199 731
52 71 834
109 49 42
180 175 447
40 95 16
136 100 684
8 49 974
86 149 11
199 156 440
191 26 431
58 120 744
125 185 49
145 15 897
184 102 934
129 154 660
121 11 388
82 175 677
75 89 479
8 70 758
12 133 123
49 194 420
113 73 124
145 179 840
60 89 978
181 185 615
178 195 483
85 200 309
45 136 667
171 193 219
168 16 599
132 192 369
184 8 780
154 171 698
156 45 811
170 92 518
88 178 16
134 66 234
104 166 102
132 13 466
85 171 405
47 129 791
102 4 723
117 175 968
182 50 741
190 184 304
186 53 278
136 129 584
165 151 341
192 74 668
3 43 180
26 138 335
173 195 203
100 127 675
48 146 912
50 15 200
66 159 110
85 73 685
113 75 824
162 167 548
162 88 528
142 109 816
139 95 695
45 167 976
61 171 775
84 78 734
46 82 463
38 34 811
163 151 422
128 94 475
64 102 766
124 117 264
187 128 571
10 57 549
198 112 78
61 39 12
100 154 102
93 46 214
165 32 238
131 148 94
195 16 995
85 69 713
38 135 41
172 61 217
35 15 917
118 77 862
51 9 710
42 180 805
8 107 459
95 44 209
55 10 179
56 165 343
4 74 139
47 80 259
190 173 499
68 36 649
98 33 610
138 68 623
10 171 377
158 170 486
175 184 562
181 143 889
65 96 239
83 56 289
145 115 61
135 157 314
27 157 383
124 23 442
130 68 10
146 9 74
168 156 109
136 116 560
84 150 281
153 16 482
54 80 258
148 4 532
103 45 320
80 81 809
114 140 813
138 22 995
139 2 20
28 53 313
151 111 633
147 127 279
28 69 550
39 196 144
112 121 859
153 48 767
24 9 343
24 55 369
157 79 906
85 35 659
54 91 349
127 58 47
84 82 421
37 24 936
82 8 453
114 27 903
171 56 985
143 95 373
88 45 217
162 154 100
19 114 993
155 80 497
161 189 358
128 8 664
13 50 609
190 2 377
100 53 198
110 97 947
162 72 990
199 12 930
14 175 706
112 47 708
171 107 613
166 81 415
114 156 374
93 161 143
44 113 482
115 16 416
160 130 124
87 128 760
73 21 858
61 145 104
149 77 426
164 2 934
66 170 894
1 114 96
1 45 329
101 13 937
111 25 942
158 132 508
40 66 780
33 40 145
198 80 771
124 173 145
58 173 969
86 176 38
133 169 224
152 178 835
17 37 912
113 68 635
151 75 61
39 178 149
126 49 730
182 69 860
145 161 395
66 48 559
126 200 761
121 69 294
83 102 503
19 2 317
104 28 202
93 114 294
134 141 558
25 169 445
88 128 534
199 92 333
6 182 814
56 96 529
173 177 355
143 179 177
147 149 877
8 77 982
149 21 106
48 41 108
178 107 61
65 68 478
89 95 544
148 42 471
55 63 756
103 69 241
164 88 37
103 41 386
190 97 624
158 27 19
70 18 119
190 104 265
19 93 943
9 168 203
193 109 820
177 82 979
30 153 694
69 48 991
96 149 67
91 25 27
129 69 489
26 5 687
180 131 884
47 105 771
190 19 953
88 183 700
57 23 496
76 185 492
196 38 835
133 84 146
200 38 994
159 177 218
94 103 714
19 132 944
8 86 594
159 153 116
88 47 970
12 24 39
170 173 658
91 20 30
164 101 911
77 166 701
90 168 44
129 128 906
115 18 688
77 101 661
127 8 297
85 128 416
134 135 718
87 174 637
140 127 964
85 74 194
1 141 574
91 171 511
95 166 471
129 41 689
53 116 758
44 135 965
81 126 141
67 49 792
178 168 814
26 57 314
143 169 871
119 145 167
188 108 411
76 41 98
26 73 328
31 122 735
163 125 362
139 30 170
30 32 395
54 2 873
84 77 829
22 166 334
61 176 494
7 59 554
84 146 769
7 70 337
42 58 856
5 58 814
122 17 92
85 89 817
66 22 836
133 95 116
157 123 770
46 102 292
41 61 2
29 176 942
62 20 986
73 9 177
76 7 541
26 25 27
44 69 445
67 10 31
116 138 841
81 11 65
21 163 374
175 70 757
72 30 487
125 17 309
119 83 479
146 73 875
45 11 197
178 118 873
136 39 3
83 92 925
45 163 333
185 103 489
65 24 246
38 192 997
27 112 880
44 59 227
153 146 982
62 159 680
159 122 374
195 94 563
124 123 423
1 71 874
86 154 874
106 112 867
105 100 822
11 164 162
95 127 730
95 13 352
83 178 162
177 170 433
10 62 466
43 101 293
45 41 712
110 141 928
154 57 469
191 111 208
1 188 81
77 43 656
116 103 286
9 62 189
80 74 458
43 184 962
195 41 554
19 116 647
94 70 246
160 84 226
62 55 299
62 176 985
91 174 291
7 8 619
56 179 228
149 98 846
109 9 950
20 147 112
94 30 427
10 69 925
75 12 736
177 125 868
171 125 64
63 188 499
189 119 480
179 149 739
117 93 365
74 2 361
187 54 462
82 181 490
4 169 153
4 196 515
56 66 920
26 164 466
15 27 223
46 29 459
95 108 440
41 177 284
140 150 99
194 53 323
91 88 672
127 78 787
123 60 737
200 188 361
192 7 337
39 22 821
24 125 742
112 127 818
69 140 300
71 146 314
176 185 878
117 18 353
157 49 823
121 120 724
135 7 219
14 107 697
179 103 713
189 124 427
182 26 629
34 139 829
91 17 644
193 106 873
34 103 589
162 23 237
37 46 575
151 66 822
58 8 980
109 127 387
97 85 430
154 183 737
20 19 662
1 131 801
150 41 165
190 83 645
39 42 605
178 103 185
110 167 56
166 107 654
182 61 526
31 130 911
124 156 68
175 174 590
102 96 788
173 28 213
150 27 218
74 197 136
138 37 853
147 172 949
132 91 630
181 176 236
6 58 350
183 56 38
112 41 421
35 46 936
44 106 872
113 45 362
175 147 576
76 121 429
167 113 496
141 106 563
137 140 246
81 8 254
119 70 651
67 91 502
116 141 209
58 129 52
86 80 610
169 80 567
40 84 601
113 147 294
19 119 387
55 108 5
19 120 527
34 77 331
146 35 99
1 163 407
38 171 519
194 98 747
47 61 172
168 44 828
155 102 361
76 151 213
3 191 413
164 44 529
82 56 484
52 130 451
187 168 110
111 197 467
32 50 26
185 115 738
30 71 14
172 195 18
175 80 759
175 37 119
145 83 893
165 112 622
117 23 250
197 22 458
194 79 589
95 26 69
140 99 86
140 103 58
69 3 106
166 116 895
15 95 883
8 2 61
35 44 722
2 11 255
181 16 621
196 98 481
74 186 723
9 181 251
130 60 192
13 147 859
156 187 31
167 115 956
21 123 628
198 100 200
71 85 203
114 41 938
108 103 812
172 36 997
66 108 666
187 10 943
140 193 503
109 125 8
128 161 282
119 29 731
51 10 76
87 67 5
111 136 891
91 13 23
21 8 928
150 71 500
20 183 552
196 53 137
189 2 334
35 111 707
70 129 133
27 140 320
41 31 110
46 164 455
182 122 959
33 107 892
173 154 775
144 95 311
33 85 627
159 135 462
6 168 788
101 69 444
133 138 542
196 13 14
199 3 316
17 72 399
177 183 85
119 72 269
117 73 869
149 143 264
155 159 80
124 37 75
133 140 932
55 69 519
90 30 53
77 190 393
17 148 406
50 69 593
41 89 263
85 184 598
178 36 141
69 60 19
147 50 438
124 138 849
90 96 688
185 38 794
10 41 748
137 104 571
116 98 748
29 190 450
55 21 546
59 188 358
174 38 274
96 160 604
186 156 82
84 39 646
78 68 751
30 89 435
52 168 634
60 50 737
98 141 538
130 146 520
14 43 681
126 79 47
193 72 659
2 140 482
81 65 600
104 176 734
15 121 179
162 29 133
44 102 747
68 86 155
187 151 242
72 163 534
170 7 197
134 78 808
120 101 486
5 115 178
61 144 91
125 7 467
163 144 378
31 141 121
176 133 883
83 166 73
26 173 10
10 94 732
52 72 366
3 17 670
170 81 182
104 79 431
189 69 146
24 77 421
128 14 367
186 76 718
58 102 20
36 136 575
163 189 147
75 170 601
156 18 327
64 159 779
194 135 273
122 145 657
54 21 401
6 166 909
68 12 344
142 54 986
71 98 999
21 31 20
120 70 169
84 193 544
110 92 94
156 161 651
28 191 976
58 60 362
9 14 529
116 168 418
61 147 841
105 146 184
49 179 157
66 65 533
97 152 659
49 178 411
190 166 840
117 178 930
45 33 642
93 81 978
113 195 615
29 186 701
24 104 722
89 66 619
187 42 297
125 48 279
174 17 446
198 191 352
90 91 52
161 18 855
91 143 538
180 158 101
110 69 161
6 105 306
138 51 246
6 60 449
162 116 981
4 51 121
81 185 159
21 32 506
16 106 832
103 9 779
25 3 884
69 96 852
111 189 550
70 56 683
181 60 435
198 187 504
72 92 340
75 70 929
131 137 449
41 110 125
36 127 380
148 24 276
156 170 423
157 13 484
99 132 710
70 73 753
57 162 913
140 61 826
176 5 375
8 16 171
103 82 84
195 187 332
165 59 263
65 122 138
6 169 417
11 74 392
131 85 142
161 139 358
131 119 835
1 129 168
134 178 854
75 22 553
12 82 789
88 82 376
173 84 941
153 44 922
167 64 505
171 59 483
195 31 519
182 119 134
156 69 543
167 27 305
59 190 666
43 60 435
29 63 974
56 84 267
16 10 818
157 111 351
71 181 360
177 26 979
178 77 976
36 110 35
105 51 794
78 33 491
43 16 824
27 57 278
131 82 359
153 77 177
194 190 430
15 128 653
12 9 793
31 132 565
87 89 236
195 18 430
120 14 105
102 26 850
31 117 1000
16 54 588
180 166 848
179 15 635
8 155 863
136 118 319
4 189 448
17 130 739
117 176 952
158 133 102
77 37 576
83 153 948
24 112 55
163 54 65
29 36 980
186 34 897
37 55 633
81 75 517
180 120 985
61 107 330
193 63 875
193 46 493
156 115 73
104 146 101
117 70 749
25 153 67
98 167 433
63 86 579
63 27 297
90 180 105
23 61 937
12 175 791
26 18 440
126 164 161
116 26 207
45 71 203
44 37 959
193 182 948
143 24 873
187 95 262
49 21 522
109 135 733
131 84 725
117 71 570
182 173 146
143 126 754
168 186 745
4 161 112
43 22 849
113 21 406
47 175 658
39 174 826
38 191 597
153 22 615
62 186 349
41 163 199
80 90 881
86 6 357
106 80 730
117 40 41
4 190 410
51 194 916
133 164 327
129 90 961
53 77 106
85 133 201
194 80 874
190 134 62
3 132 320
3 26 881
163 18 318
192 107 237
160 9 530
61 131 858
141 96 927
188 83 746
124 2 357
178 80 711
104 74 361
179 117 915
179 12 990
6 91 891
119 46 55
126 137 765
24 116 470
18 15 691
119 73 808
162 35 673
110 7 973
19 133 219
89 193 341
149 189 904
32 199 105
74 113 685
127 17 325
115 66 783
7 17 700
39 133 530
192 46 155
174 121 96
78 165 702
156 68 559
11 4 542
144 90 201
107 190 147
16 192 42
19 48 810
158 15 934
119 110 506
183 70 946
57 158 236
48 118 269
101 187 409
180 185 736
86 196 985
184 53 573
135 178 205
98 119 126
125 79 866
145 157 193
92 136 543
51 125 921
157 110 768
71 116 450
131 165 95
190 122 893
175 111 399
60 36 489
16 130 234
74 161 2
190 136 276
182 199 847
178 146 199
127 98 875
180 33 846
11 25 996
107 159 982
129 145 358
162 44 457
96 70 498
157 127 276
86 73 836
57 68 879
109 121 841
10 60 704
113 176 710
165 43 155
25 57 923
91 47 299
198 42 819
94 28 697
156 15 104
30 170 123
8 14 185
124 30 868
91 163 34
41 64 846
